1 51.631997 -51.631997
1 76.121357 -76.121357
1 56.497262 -56.497262
1 63.692602 -63.692602
1 71.719301 -71.719301
1 54.628026 -54.628026
1 50.902271 -50.902271
1 47.521445 -47.521445
1 40.175512 -40.175512
1 39.443955 -39.443955
1 51.939406 -51.939406
1 40.953642 -40.953642
1 46.790705 -46.790705
1 40.353613 -40.353613
1 51.091105 -51.091105
1 51.322724 -51.322724
1 62.492532 -62.492532
1 43.629601 -43.629601
1 66.261663 -66.261663
1 48.651670 -48.651670
1 51.147445 -51.147445
1 43.753030 -43.753030
1 71.100887 -71.100887
1 75.221356 -75.221356
1 76.651367 -76.651367
1 72.553898 -72.553898
1 67.350478 -67.350478
1 77.354639 -77.354639
1 79.168423 -79.168423
1 69.546925 -69.546925
1 89.094658 -89.094658
1 81.283849 -81.283849
1 79.793768 -79.793768
1 86.084590 -86.084590
1 87.254513 -87.254513
1 74.239018 -74.239018
1 69.586032 -69.586032
1 83.687662 -83.687662
1 81.105328 -81.105328
1 75.283126 -75.283126
1 85.906069 -85.906069
1 65.982237 -65.982237
1 52.804532 -52.804532
1 40.371824 -40.371824
1 43.603381 -43.603381
1 47.477496 -47.477496
1 42.188598 -42.188598
1 46.062713 -46.062713
1 41.279117 -41.279117
1 43.703507 -43.703507
1 62.703484 -62.703484
1 46.324368 -46.324368
1 78.555338 -78.555338
1 77.200044 -77.200044
1 77.200044 -77.200044
1 85.739146 -85.739146
1 91.957962 -91.957962
1 83.023951 -83.023951
1 83.023951 -83.023951
1 83.008446 -83.008446
1 79.729567 -79.729567
1 78.374273 -78.374273
1 78.374273 -78.374273
1 86.913376 -86.913376
1 93.132192 -93.132192
1 84.198180 -84.198180
1 84.198180 -84.198180
1 84.182676 -84.182676
1 85.159791 -85.159791
1 83.804497 -83.804497
1 83.804497 -83.804497
1 92.343600 -92.343600
1 98.562416 -98.562416
1 89.628404 -89.628404
1 89.628404 -89.628404
1 89.612900 -89.612900
1 55.825330 -55.825330
1 56.076218 -56.076218
1 55.825330 -55.825330
1 56.076218 -56.076218
1 80.854325 -80.854325
1 56.841221 -56.841221
1 81.738046 -81.738046
1 60.911721 -60.911721
1 79.910760 -79.910760
1 54.981760 -54.981760
1 79.910760 -79.910760
1 54.981760 -54.981760
1 79.993209 -79.993209
1 54.933239 -54.933239
1 54.492794 -54.492794
1 54.492794 -54.492794
1 79.714261 -79.714261
1 54.902725 -54.902725
1 80.597982 -80.597982
1 58.973225 -58.973225
1 78.770695 -78.770695
1 53.043263 -53.043263
1 78.770695 -78.770695
1 53.043263 -53.043263
1 78.853144 -78.853144
1 52.994742 -52.994742
1 79.714261 -79.714261
1 54.902725 -54.902725
1 80.597982 -80.597982
1 58.973225 -58.973225
1 78.770695 -78.770695
1 53.043263 -53.043263
1 78.770695 -78.770695
1 53.043263 -53.043263
1 78.853144 -78.853144
1 52.994742 -52.994742
1 82.427185 -82.427185
1 84.371654 -84.371654
1 76.339016 -76.339016
1 74.549273 -74.549273
1 76.339016 -76.339016
1 74.549273 -74.549273
1 76.383283 -76.383283
1 74.462570 -74.462570
1 81.437380 -81.437380
1 77.482068 -77.482068
1 81.437380 -81.437380
1 77.482068 -77.482068
1 81.430321 -81.430321
1 76.553067 -76.553067
1 65.701156 -65.701156
1 65.701156 -65.701156
1 65.745424 -65.745424
1 65.614454 -65.614454
1 65.745424 -65.745424
1 65.614454 -65.614454
1 77.097788 -77.097788
1 79.781598 -79.781598
1 75.570744 -75.570744
1 70.349059 -70.349059
1 72.811443 -72.811443
1 71.935117 -71.935117
1 85.758821 -85.758821
1 96.310235 -96.310235
1 86.689365 -86.689365
1 97.637924 -97.637924
1 82.351143 -82.351143
1 86.501383 -86.501383
1 86.127128 -86.127128
1 86.808369 -86.808369
1 80.547050 -80.547050
1 73.634693 -73.634693
1 77.787750 -77.787750
1 75.220751 -75.220751
1 90.735128 -90.735128
1 99.595869 -99.595869
1 91.665672 -91.665672
1 100.923558 -100.923558
1 87.327450 -87.327450
1 89.787017 -89.787017
1 91.103434 -91.103434
1 90.094003 -90.094003
1 67.703355 -67.703355
1 69.188397 -69.188397
1 77.661679 -77.661679
1 88.475904 -88.475904
1 76.881988 -76.881988
1 88.093358 -88.093358
1 73.010128 -73.010128
1 77.354837 -77.354837
1 72.731655 -72.731655
1 76.766994 -76.766994
1 77.086893 -77.086893
1 86.024101 -86.024101
1 76.307202 -76.307202
1 85.641555 -85.641555
1 73.482850 -73.482850
1 75.023935 -75.023935
1 72.624797 -72.624797
1 74.385298 -74.385298
1 85.470450 -85.470450
1 85.867595 -85.867595
1 87.792893 -87.792893
1 81.474382 -81.474382
1 89.248779 -89.248779
1 82.828856 -82.828856
1 89.120582 -89.120582
1 82.404927 -82.404927
1 88.866233 -88.866233
1 82.049165 -82.049165
1 76.991282 -76.991282
1 78.472625 -78.472625
1 40.598863 -40.598863
1 39.953201 -39.953201
1 58.246513 -58.246513
1 57.600851 -57.600851
1 47.628806 -47.628806
1 58.321606 -58.321606
1 61.073710 -61.073710
1 50.868066 -50.868066
1 56.141907 -56.141907
1 73.886909 -73.886909
1 79.171407 -79.171407
1 77.050288 -77.050288
1 90.739815 -90.739815
1 96.623252 -96.623252
1 46.827395 -46.827395
1 57.599015 -57.599015
1 61.389816 -61.389816
1 50.258207 -50.258207
1 55.184600 -55.184600
1 72.929602 -72.929602
1 78.623652 -78.623652
1 76.092982 -76.092982
1 91.214218 -91.214218
1 97.458050 -97.458050
1 48.533043 -48.533043
1 75.444330 -75.444330
1 51.963855 -51.963855
1 59.390867 -59.390867
1 77.359659 -77.359659
1 82.644157 -82.644157
1 80.733974 -80.733974
1 93.898196 -93.898196
1 94.984149 -94.984149
1 80.024566 -80.024566
1 70.341087 -70.341087
1 62.918683 -62.918683
1 69.703715 -69.703715
1 64.944716 -64.944716
1 20.362814 -20.362814
1 30.865055 -30.865055
1 68.269464 -68.269464
1 71.815878 -71.815878
1 56.036194 -56.036194
1 80.219156 -80.219156
1 77.093284 -77.093284
1 78.179763 -78.179763
1 76.256427 -76.256427
1 51.558770 -51.558770
1 37.436667 -37.436667
1 63.021455 -63.021455
1 75.248263 -75.248263
1 47.986018 -47.986018
1 71.833797 -71.833797
1 66.149584 -66.149584
1 69.794404 -69.794404
1 65.491093 -65.491093
1 56.956083 -56.956083
1 40.280703 -40.280703
1 68.418768 -68.418768
1 78.092299 -78.092299
1 37.784582 -37.784582
1 37.126091 -37.126091
1 45.655406 -45.655406
1 68.131531 -68.131531
1 58.170746 -58.170746
1 58.421634 -58.421634
1 75.336139 -75.336139
1 69.712126 -69.712126
1 73.524671 -73.524671
1 91.641403 -91.641403
1 74.499283 -74.499283
1 67.672733 -67.672733
1 72.687814 -72.687814
1 89.602010 -89.602010
1 57.281511 -57.281511
1 81.611392 -81.611392
1 35.836140 -35.836140
1 55.359299 -55.359299
1 61.846066 -61.846066
1 73.010036 -73.010036
1 68.753180 -68.753180
1 70.811057 -70.811057
1 60.489334 -60.489334
1 77.099436 -77.099436
1 57.445987 -57.445987
1 52.662794 -52.662794
1 75.820351 -75.820351
1 60.315785 -60.315785
1 68.619890 -68.619890
1 67.654286 -67.654286
1 85.622506 -85.622506
1 73.785499 -73.785499
1 75.973076 -75.973076
1 78.014191 -78.014191
1 58.881758 -58.881758
1 75.482398 -75.482398
1 41.092155 -41.092155
1 47.418332 -47.418332
1 59.390587 -59.390587
1 53.615110 -53.615110
1 64.430490 -64.430490
1 65.544553 -65.544553
1 56.779691 -56.779691
1 55.620452 -55.620452
1 56.779691 -56.779691
1 55.620452 -55.620452
1 56.580223 -56.580223
1 70.683916 -70.683916
1 52.742790 -52.742790
1 58.639193 -58.639193
1 49.423162 -49.423162
1 50.908204 -50.908204
1 49.423162 -49.423162
1 50.908204 -50.908204
1 46.879386 -46.879386
1 60.880669 -60.880669
1 56.028296 -56.028296
1 54.748132 -54.748132
1 56.028296 -56.028296
1 54.748132 -54.748132
1 55.828829 -55.828829
1 69.811596 -69.811596
1 49.198123 -49.198123
1 49.198123 -49.198123
1 46.746481 -46.746481
1 58.600561 -58.600561
1 46.746481 -46.746481
1 58.600561 -58.600561
1 72.163798 -72.163798
1 81.601871 -81.601871
1 72.307526 -72.307526
1 78.036246 -78.036246
1 72.813688 -72.813688
1 77.764555 -77.764555
1 72.492780 -72.492780
1 89.501700 -89.501700
1 85.130766 -85.130766
1 94.742807 -94.742807
1 75.954152 -75.954152
1 73.055425 -73.055425
1 76.322211 -76.322211
1 72.052732 -72.052732
1 79.989706 -79.989706
1 88.553691 -88.553691
1 92.627692 -92.627692
1 93.794798 -93.794798
1 66.258030 -66.258030
1 65.612368 -65.612368
1 88.985497 -88.985497
1 100.378564 -100.378564
1 94.029953 -94.029953
1 97.719301 -97.719301
1 88.438805 -88.438805
1 100.776749 -100.776749
1 93.483261 -93.483261
1 98.117486 -98.117486
1 81.341389 -81.341389
1 71.202204 -71.202204
1 89.735693 -89.735693
1 94.912623 -94.912623
1 84.208725 -84.208725
1 86.014203 -86.014203
1 88.556938 -88.556938
1 84.014739 -84.014739
1 83.314966 -83.314966
1 80.843272 -80.843272
1 87.663179 -87.663179
1 78.843808 -78.843808
1 78.114110 -78.114110
1 72.759569 -72.759569
1 55.925049 -55.925049
1 56.175937 -56.175937
1 67.143246 -67.143246
1 57.871505 -57.871505
1 65.534949 -65.534949
1 55.908855 -55.908855
1 70.466365 -70.466365
1 71.668691 -71.668691
1 56.238272 -56.238272
1 59.920945 -59.920945
1 67.322200 -67.322200
1 84.626448 -84.626448
1 60.546301 -60.546301
1 64.019786 -64.019786
1 71.630230 -71.630230
1 88.725288 -88.725288
1 58.786930 -58.786930
1 73.036675 -73.036675
1 65.092281 -65.092281
1 67.697173 -67.697173
1 67.431787 -67.431787
1 62.922310 -62.922310
1 68.792855 -68.792855
1 61.439258 -61.439258
1 77.244908 -77.244908
1 69.805087 -69.805087
1 78.605976 -78.605976
1 68.322035 -68.322035
1 82.389239 -82.389239
1 80.538256 -80.538256
1 60.018719 -60.018719
1 59.373058 -59.373058
1 67.621079 -67.621079
1 69.093989 -69.093989
1 66.797110 -66.797110
1 69.279523 -69.279523
1 63.003249 -63.003249
1 62.357587 -62.357587
1 70.155313 -70.155313
1 70.200660 -70.200660
1 69.331344 -69.331344
1 70.386194 -70.386194
1 80.105921 -80.105921
1 77.978334 -77.978334
1 78.807123 -78.807123
1 29.326966 -29.326966
1 25.360659 -25.360659
1 26.189448 -26.189448
1 71.262184 -71.262184
1 70.855890 -70.855890
1 72.227625 -72.227625
1 71.684679 -71.684679
1 59.676100 -59.676100
1 59.539449 -59.539449
1 83.967902 -83.967902
1 78.913308 -78.913308
1 75.070405 -75.070405
1 87.037578 -87.037578
1 80.731782 -80.731782
1 79.746674 -79.746674
1 76.888880 -76.888880
1 63.684671 -63.684671
1 67.132673 -67.132673
1 57.810745 -57.810745
1 56.773797 -56.773797
1 49.821312 -49.821312
1 47.985591 -47.985591
1 57.384821 -57.384821
1 64.232492 -64.232492
1 65.234725 -65.234725
1 64.206248 -64.206248
1 75.674782 -75.674782
1 59.308540 -59.308540
1 51.690419 -51.690419
1 69.956962 -69.956962
1 60.367769 -60.367769
1 52.284522 -52.284522
1 52.630480 -52.630480
1 53.027625 -53.027625
1 52.623421 -52.623421
1 52.098623 -52.098623
1 73.352989 -73.352989
1 68.796190 -68.796190
1 52.090376 -52.090376
1 52.163206 -52.163206
1 52.292201 -52.292201
1 52.161231 -52.161231
1 72.054421 -72.054421
1 67.497621 -67.497621
1 72.038916 -72.038916
1 67.482117 -67.482117
1 69.354765 -69.354765
1 87.651947 -87.651947
1 86.778305 -86.778305
1 89.720196 -89.720196
1 76.047949 -76.047949
1 85.694777 -85.694777
1 69.262033 -69.262033
1 78.556460 -78.556460
1 60.612104 -60.612104
1 69.302763 -69.302763
1 85.062956 -85.062956
1 69.338982 -69.338982
1 81.392335 -81.392335
1 72.890149 -72.890149
1 75.024227 -75.024227
1 67.809253 -67.809253
1 75.800373 -75.800373
1 66.664396 -66.664396
1 77.826831 -77.826831
1 85.471855 -85.471855
1 72.965588 -72.965588
1 79.725254 -79.725254
1 64.315659 -64.315659
1 70.471557 -70.471557
1 71.675340 -71.675340
1 72.577764 -72.577764
1 72.451487 -72.451487
1 71.432906 -71.432906
1 63.139010 -63.139010
1 61.455230 -61.455230
1 57.686663 -57.686663
1 83.879696 -83.879696
1 85.193769 -85.193769
1 83.895201 -83.895201
1 83.879696 -83.879696
1 91.413135 -91.413135
1 67.363272 -67.363272
1 67.888069 -67.888069
1 67.425879 -67.425879
1 67.556850 -67.556850
1 67.508328 -67.508328
1 67.508328 -67.508328
1 54.889004 -54.889004
1 71.591660 -71.591660
1 67.895128 -67.895128
1 68.292273 -68.292273
1 67.888069 -67.888069
1 67.363272 -67.363272
1 55.268745 -55.268745
1 71.446603 -71.446603
1 67.556850 -67.556850
1 67.425879 -67.425879
1 54.937525 -54.937525
1 71.509211 -71.509211
1 54.889004 -54.889004
1 71.591660 -71.591660
1 67.712054 -67.712054
1 61.374923 -61.374923
1 58.000520 -58.000520
1 66.262011 -66.262011
1 65.737214 -65.737214
1 57.265097 -57.265097
1 60.905675 -60.905675
1 45.939761 -45.939761
1 46.336906 -46.336906
1 45.932702 -45.932702
1 45.407905 -45.407905
1 45.601483 -45.601483
1 45.470513 -45.470513
1 54.742194 -54.742194
1 72.882841 -72.882841
1 60.481290 -60.481290
1 77.445778 -77.445778
1 88.923545 -88.923545
1 70.539219 -70.539219
1 57.340742 -57.340742
1 70.833619 -70.833619
1 65.306429 -65.306429
1 46.082459 -46.082459
1 43.044256 -43.044256
1 71.030483 -71.030483
1 48.904169 -48.904169
1 69.933494 -69.933494
1 41.521846 -41.521846
1 75.072407 -75.072407
1 50.887281 -50.887281
1 79.266387 -79.266387
1 58.409370 -58.409370
1 58.832058 -58.832058
1 51.444603 -51.444603
1 63.059406 -63.059406
1 61.917096 -61.917096
1 75.417909 -75.417909
1 74.948612 -74.948612
1 56.752676 -56.752676
1 65.476411 -65.476411
1 64.257968 -64.257968
1 75.240091 -75.240091
1 64.823333 -64.823333
1 63.688004 -63.688004
1 41.684893 -41.684893
1 56.344606 -56.344606
1 59.977592 -59.977592
1 73.863286 -73.863286
1 58.575727 -58.575727
1 57.436264 -57.436264
1 64.748626 -64.748626
1 54.059307 -54.059307
1 58.348402 -58.348402
1 65.187444 -65.187444
1 50.678549 -50.678549
1 71.449695 -71.449695
1 58.890823 -58.890823
1 72.965169 -72.965169
1 56.198281 -56.198281
1 74.189131 -74.189131
1 56.198281 -56.198281
1 74.189131 -74.189131
1 56.198281 -56.198281
1 74.189131 -74.189131
1 56.198281 -56.198281
1 74.189131 -74.189131
1 60.052915 -60.052915
1 71.441447 -71.441447
1 72.043425 -72.043425
1 73.267386 -73.267386
1 73.267386 -73.267386
1 73.267386 -73.267386
1 73.267386 -73.267386
1 54.414936 -54.414936
1 58.180888 -58.180888
1 75.751057 -75.751057
1 59.893105 -59.893105
1 70.849335 -70.849335
1 57.200564 -57.200564
1 72.106144 -72.106144
1 57.200564 -57.200564
1 72.106144 -72.106144
1 57.200564 -57.200564
1 72.106144 -72.106144
1 57.200564 -57.200564
1 72.106144 -72.106144
1 81.409023 -81.409023
1 78.462358 -78.462358
1 79.719167 -79.719167
1 79.719167 -79.719167
1 79.719167 -79.719167
1 79.719167 -79.719167
1 61.050034 -61.050034
1 56.333182 -56.333182
1 58.357492 -58.357492
1 57.557144 -57.557144
1 58.357492 -58.357492
1 57.557144 -57.557144
1 58.357492 -58.357492
1 57.557144 -57.557144
1 58.357492 -58.357492
1 57.557144 -57.557144
1 47.260599 -47.260599
1 48.745641 -48.745641
1 47.260599 -47.260599
1 48.745641 -48.745641
1 47.260599 -47.260599
1 48.745641 -48.745641
1 47.260599 -47.260599
1 48.745641 -48.745641
1 47.035560 -47.035560
1 47.035560 -47.035560
1 47.035560 -47.035560
1 47.035560 -47.035560
1 47.035560 -47.035560
1 47.035560 -47.035560
1 47.035560 -47.035560
1 47.035560 -47.035560
1 47.035560 -47.035560
1 47.035560 -47.035560
1 47.035560 -47.035560
1 47.035560 -47.035560
1 42.298131 -42.298131
1 43.783173 -43.783173
1 38.219714 -38.219714
1 41.759058 -41.759058
1 41.501570 -41.501570
1 45.546586 -45.546586
1 43.021992 -43.021992
1 58.579065 -58.579065
1 52.718510 -52.718510
1 42.923689 -42.923689
1 54.623007 -54.623007
1 37.044081 -37.044081
1 35.146596 -35.146596
1 40.810146 -40.810146
1 37.486316 -37.486316
1 46.154398 -46.154398
1 37.761515 -37.761515
1 35.853241 -35.853241
1 48.351796 -48.351796
1 29.154337 -29.154337
1 38.810423 -38.810423
1 42.486214 -42.486214
1 36.590230 -36.590230
1 16.941402 -16.941402
1 41.193835 -41.193835
1 21.764439 -21.764439
1 46.497983 -46.497983
1 47.983025 -47.983025
1 45.995936 -45.995936
1 60.014542 -60.014542
1 53.132018 -53.132018
1 47.531140 -47.531140
1 78.508145 -78.508145
1 82.343340 -82.343340
1 71.732932 -71.732932
1 79.989432 -79.989432
1 78.376566 -78.376566
1 84.974696 -84.974696
1 70.604271 -70.604271
1 83.301537 -83.301537
1 73.676569 -73.676569
1 84.504701 -84.504701
1 97.729704 -97.729704
1 73.494546 -73.494546
1 78.908988 -78.908988
1 80.138180 -80.138180
1 83.894253 -83.894253
1 72.365884 -72.365884
1 82.221094 -82.221094
1 75.438182 -75.438182
1 83.424257 -83.424257
1 99.491318 -99.491318
1 81.995333 -81.995333
1 76.487577 -76.487577
1 82.352116 -82.352116
1 87.786020 -87.786020
1 81.235263 -81.235263
1 80.017547 -80.017547
1 104.042949 -104.042949
1 73.577972 -73.577972
1 84.318985 -84.318985
1 81.321627 -81.321627
1 86.066370 -86.066370
1 104.686032 -104.686032
1 80.607441 -80.607441
1 74.888920 -74.888920
1 107.355054 -107.355054
1 104.216036 -104.216036
1 63.509496 -63.509496
1 63.941567 -63.941567
1 69.054809 -69.054809
1 69.486880 -69.486880
1 55.271451 -55.271451
1 24.361783 -24.361783
1 47.045266 -47.045266
1 33.288387 -33.288387
1 44.053992 -44.053992
1 54.471276 -54.471276
1 29.553316 -29.553316
1 44.479885 -44.479885
1 15.465782 -15.465782
1 11.083724 -11.083724
1 55.600214 -55.600214
1 54.827967 -54.827967
1 54.311541 -54.311541
1 32.563633 -32.563633
1 15.792882 -15.792882
1 58.625098 -58.625098
1 20.259900 -20.259900
1 61.411074 -61.411074
1 44.156856 -44.156856
1 70.481789 -70.481789
1 57.262115 -57.262115
1 87.665550 -87.665550
1 64.106627 -64.106627
1 57.179233 -57.179233
1 72.303036 -72.303036
1 77.397342 -77.397342
1 60.521124 -60.521124
1 83.020698 -83.020698
1 86.292926 -86.292926
1 90.605024 -90.605024
1 91.600549 -91.600549
1 61.219851 -61.219851
1 99.796958 -99.796958
1 81.437960 -81.437960
1 88.015046 -88.015046
1 87.061316 -87.061316
1 101.852005 -101.852005
1 66.667613 -66.667613
1 109.803031 -109.803031
1 86.640338 -86.640338
1 98.266502 -98.266502
1 92.438657 -92.438657
1 64.650422 -64.650422
1 77.636604 -77.636604
1 55.454448 -55.454448
1 87.924351 -87.924351
1 63.651906 -63.651906
1 83.247589 -83.247589
1 65.141607 -65.141607
1 74.166549 -74.166549
1 49.795505 -49.795505
1 72.876932 -72.876932
1 76.765654 -76.765654
1 68.795629 -68.795629
1 84.480854 -84.480854
1 61.836003 -61.836003
1 66.675177 -66.675177
1 90.622739 -90.622739
1 92.147550 -92.147550
1 89.692195 -89.692195
1 90.819860 -90.819860
1 74.989817 -74.989817
1 94.591495 -94.591495
1 61.420369 -61.420369
1 79.871950 -79.871950
1 77.605591 -77.605591
1 94.674490 -94.674490
1 78.069126 -78.069126
1 81.331676 -81.331676
1 80.134776 -80.134776
1 74.771142 -74.771142
1 82.498588 -82.498588
1 103.686670 -103.686670
1 95.356732 -95.356732
1 124.935382 -124.935382
1 114.469907 -114.469907
1 124.004837 -124.004837
1 113.142217 -113.142217
1 110.506676 -110.506676
1 118.217309 -118.217309
1 101.747169 -101.747169
1 107.474584 -107.474584
1 113.122449 -113.122449
1 118.300303 -118.300303
1 74.697501 -74.697501
1 81.749924 -81.749924
1 75.545971 -75.545971
1 100.067986 -100.067986
1 100.262133 -100.262133
1 105.928962 -105.928962
1 93.292966 -93.292966
1 106.011956 -106.011956
1 77.939323 -77.939323
1 85.311660 -85.311660
1 96.970254 -96.970254
1 93.307762 -93.307762
1 121.740113 -121.740113
1 114.539505 -114.539505
1 121.677506 -121.677506
1 114.870725 -114.870725
1 108.252113 -108.252113
1 120.787531 -120.787531
1 99.703541 -99.703541
1 110.364460 -110.364460
1 110.867886 -110.867886
1 120.870526 -120.870526
1 106.977182 -106.977182
1 92.806320 -92.806320
1 130.642914 -130.642914
1 113.349494 -113.349494
1 130.580306 -130.580306
1 113.680713 -113.680713
1 117.154913 -117.154913
1 119.597520 -119.597520
1 108.395406 -108.395406
1 108.854795 -108.854795
1 119.884453 -119.884453
1 119.794280 -119.794280
1 90.984995 -90.984995
1 82.221225 -82.221225
1 91.764686 -91.764686
1 82.603771 -82.603771
1 74.645153 -74.645153
1 93.206414 -93.206414
1 67.519432 -67.519432
1 80.508588 -80.508588
1 77.260926 -77.260926
1 93.289408 -93.289408
1 75.783251 -75.783251
1 75.386106 -75.386106
1 94.513954 -94.513954
1 116.206054 -116.206054
1 88.570955 -88.570955
1 106.241580 -106.241580
1 98.085909 -98.085909
1 117.245230 -117.245230
1 93.186265 -93.186265
1 115.275510 -115.275510
1 87.243266 -87.243266
1 105.311035 -105.311035
1 96.758220 -96.758220
1 116.314686 -116.314686
1 78.183286 -78.183286
1 76.094808 -76.094808
1 80.529784 -80.529784
1 79.039492 -79.039492
1 79.906220 -79.906220
1 79.858174 -79.858174
1 50.380231 -50.380231
1 61.826620 -61.826620
1 42.533318 -42.533318
1 48.609257 -48.609257
1 31.682422 -31.682422
1 43.609002 -43.609002
1 49.117471 -49.117471
1 52.132032 -52.132032
1 48.822333 -48.822333
1 48.176672 -48.176672
1 51.260595 -51.260595
1 42.474236 -42.474236
1 47.292526 -47.292526
1 31.623340 -31.623340
1 43.549920 -43.549920
1 47.800740 -47.800740
1 52.202548 -52.202548
1 48.892850 -48.892850
1 48.247188 -48.247188
1 51.331111 -51.331111
1 49.769249 -49.769249
1 56.955815 -56.955815
1 66.131737 -66.131737
1 65.766829 -65.766829
1 70.245658 -70.245658
1 70.866043 -70.866043
1 71.924917 -71.924917
1 73.607720 -73.607720
1 83.109351 -83.109351
1 76.563563 -76.563563
1 83.693938 -83.693938
1 84.032836 -84.032836
1 76.962251 -76.962251
1 73.626582 -73.626582
1 74.170064 -74.170064
1 75.305841 -75.305841
1 76.911741 -76.911741
1 70.619341 -70.619341
1 66.713810 -66.713810
1 70.683924 -70.683924
1 70.764398 -70.764398
1 66.334069 -66.334069
1 89.289999 -89.289999
1 91.345554 -91.345554
1 90.791916 -90.791916
1 84.815878 -84.815878
1 91.376503 -91.376503
1 91.715401 -91.715401
1 85.214566 -85.214566
1 93.533593 -93.533593
1 86.495138 -86.495138
1 94.118180 -94.118180
1 94.457079 -94.457079
1 86.893826 -86.893826
1 64.305280 -64.305280
1 64.644179 -64.644179
1 64.119382 -64.119382
1 64.183964 -64.183964
1 62.611101 -62.611101
1 65.266648 -65.266648
1 47.157279 -47.157279
1 63.005354 -63.005354
1 65.774863 -65.774863
1 54.532067 -54.532067
1 78.669177 -78.669177
1 51.801625 -51.801625
1 56.429858 -56.429858
1 78.973525 -78.973525
1 55.663307 -55.663307
1 52.750581 -52.750581
1 52.104919 -52.104919
1 74.980364 -74.980364
1 95.555702 -95.555702
1 73.468380 -73.468380
1 77.559586 -77.559586
1 95.603639 -95.603639
1 54.791870 -54.791870
1 81.883250 -81.883250
1 82.217434 -82.217434
1 75.488579 -75.488579
1 95.949955 -95.949955
1 73.295164 -73.295164
1 77.727085 -77.727085
1 96.141016 -96.141016
1 55.633542 -55.633542
1 65.878149 -65.878149
1 65.232487 -65.232487
1 56.906337 -56.906337
1 64.341110 -64.341110
1 65.954254 -65.954254
1 56.266207 -56.266207
1 46.322812 -46.322812
1 42.350118 -42.350118
1 39.636696 -39.636696
1 61.606780 -61.606780
1 71.080589 -71.080589
1 57.290527 -57.290527
1 57.126894 -57.126894
1 49.654065 -49.654065
1 67.210251 -67.210251
1 46.174913 -46.174913
1 52.768885 -52.768885
1 64.141012 -64.141012
1 66.305803 -66.305803
1 30.423188 -30.423188
1 42.161082 -42.161082
1 41.638482 -41.638482
1 76.932577 -76.932577
1 44.868077 -44.868077
1 61.160831 -61.160831
1 49.974689 -49.974689
1 69.835403 -69.835403
1 49.530300 -49.530300
1 52.186777 -52.186777
1 76.991309 -76.991309
1 67.000526 -67.000526
1 64.159910 -64.159910
1 68.567118 -68.567118
1 74.825271 -74.825271
1 79.474041 -79.474041
1 75.447242 -75.447242
1 86.500823 -86.500823
1 82.608120 -82.608120
1 84.696860 -84.696860
1 73.567733 -73.567733
1 68.170751 -68.170751
1 74.676961 -74.676961
1 81.158634 -81.158634
1 81.837839 -81.837839
1 79.354671 -79.354671
1 85.997743 -85.997743
1 78.301310 -78.301310
1 76.869821 -76.869821
1 67.904980 -67.904980
1 74.547793 -74.547793
1 63.328405 -63.328405
1 72.743830 -72.743830
1 70.489283 -70.489283
1 59.152406 -59.152406
1 68.584012 -68.584012
1 56.897164 -56.897164
1 82.023794 -82.023794
1 58.627741 -58.627741
1 84.162632 -84.162632
1 66.110169 -66.110169
1 85.084882 -85.084882
1 69.964747 -69.964747
1 84.634700 -84.634700
1 72.420934 -72.420934
1 82.510596 -82.510596
1 74.151511 -74.151511
1 84.649433 -84.649433
1 80.106962 -80.106962
1 84.278777 -84.278777
1 86.923806 -86.923806
1 86.899580 -86.899580
1 65.111099 -65.111099
1 66.512497 -66.512497
1 61.134230 -61.134230
1 55.647979 -55.647979
1 77.863956 -77.863956
1 65.663166 -65.663166
1 62.609829 -62.609829
1 56.287176 -56.287176
1 82.744826 -82.744826
1 66.112636 -66.112636
1 70.718663 -70.718663
1 61.946343 -61.946343
1 39.548385 -39.548385
1 42.937600 -42.937600
1 40.133990 -40.133990
1 43.523205 -43.523205
1 30.846607 -30.846607
1 60.694596 -60.694596
1 66.634875 -66.634875
1 34.373195 -34.373195
1 34.235822 -34.235822
1 37.762410 -37.762410
1 49.863770 -49.863770
1 47.537073 -47.537073
1 41.892519 -41.892519
1 64.211712 -64.211712
1 61.794941 -61.794941
1 75.539182 -75.539182
1 77.155330 -77.155330
1 70.614072 -70.614072
1 50.414324 -50.414324
1 90.655803 -90.655803
1 41.502907 -41.502907
1 77.450578 -77.450578
1 38.676820 -38.676820
1 76.249700 -76.249700
1 68.978460 -68.978460
1 92.753290 -92.753290
1 69.901946 -69.901946
1 93.151978 -93.151978
1 69.901946 -69.901946
1 93.151978 -93.151978
1 70.281528 -70.281528
1 67.324254 -67.324254
1 68.358368 -68.358368
1 65.683000 -65.683000
1 81.332711 -81.332711
1 64.356143 -64.356143
1 82.256196 -82.256196
1 64.754831 -64.754831
1 82.256196 -82.256196
1 64.754831 -64.754831
1 62.203612 -62.203612
1 62.454500 -62.454500
1 85.827837 -85.827837
1 72.247475 -72.247475
1 85.972894 -85.972894
1 71.867734 -71.867734
1 85.972894 -85.972894
1 71.867734 -71.867734
1 84.223612 -84.223612
1 70.304570 -70.304570
1 84.368668 -84.368668
1 69.924829 -69.924829
1 84.368668 -84.368668
1 69.924829 -69.924829
1 85.967589 -85.967589
1 85.442791 -85.442791
1 85.967589 -85.967589
1 85.442791 -85.442791
1 85.587848 -85.587848
1 85.587848 -85.587848
1 52.484315 -52.484315
1 63.177306 -63.177306
1 55.179428 -55.179428
1 54.654631 -54.654631
1 55.179428 -55.179428
1 54.654631 -54.654631
1 82.679194 -82.679194
1 75.124880 -75.124880
1 85.226809 -85.226809
1 92.215475 -92.215475
1 54.799687 -54.799687
1 54.799687 -54.799687
1 82.209946 -82.209946
1 74.389456 -74.389456
1 85.625498 -85.625498
1 93.138960 -93.138960
1 82.209946 -82.209946
1 74.389456 -74.389456
1 85.625498 -85.625498
1 93.138960 -93.138960
1 54.767756 -54.767756
1 63.771368 -63.771368
1 58.749142 -58.749142
1 58.481353 -58.481353
1 75.795040 -75.795040
1 71.008132 -71.008132
1 75.059617 -75.059617
1 70.538883 -70.538883
1 75.059617 -75.059617
1 70.538883 -70.538883
1 92.795874 -92.795874
1 83.444981 -83.444981
1 93.719359 -93.719359
1 83.843669 -83.843669
1 93.719359 -93.719359
1 83.843669 -83.843669
1 63.884408 -63.884408
1 63.359611 -63.359611
1 63.884408 -63.884408
1 63.359611 -63.359611
1 63.504667 -63.504667
1 63.504667 -63.504667
1 64.039368 -64.039368
1 63.514571 -63.514571
1 64.039368 -64.039368
1 63.514571 -63.514571
1 64.061997 -64.061997
1 72.550865 -72.550865
1 73.759090 -73.759090
1 87.963343 -87.963343
1 63.659627 -63.659627
1 63.659627 -63.659627
1 63.592748 -63.592748
1 71.815441 -71.815441
1 74.157778 -74.157778
1 88.886828 -88.886828
1 63.592748 -63.592748
1 71.815441 -71.815441
1 74.157778 -74.157778
1 88.886828 -88.886828
1 55.742847 -55.742847
1 58.762893 -58.762893
1 63.535978 -63.535978
1 54.543246 -54.543246
1 67.600928 -67.600928
1 86.509055 -86.509055
1 58.664436 -58.664436
1 61.328989 -61.328989
1 66.694922 -66.694922
1 56.663602 -56.663602
1 53.214129 -53.214129
1 74.973633 -74.973633
1 57.238944 -57.238944
1 70.832690 -70.832690
1 67.527149 -67.527149
1 68.327246 -68.327246
1 88.586897 -88.586897
1 73.339462 -73.339462
1 97.459972 -97.459972
1 69.783968 -69.783968
1 61.502244 -61.502244
1 50.375182 -50.375182
1 79.235442 -79.235442
1 67.206071 -67.206071
1 74.850366 -74.850366
1 86.442924 -86.442924
1 67.310654 -67.310654
1 73.641096 -73.641096
1 64.426379 -64.426379
1 84.324968 -84.324968
1 59.673628 -59.673628
1 78.846350 -78.846350
1 76.196263 -76.196263
1 76.690141 -76.690141
1 78.395677 -78.395677
1 62.814266 -62.814266
1 79.173588 -79.173588
1 64.312403 -64.312403
1 70.824791 -70.824791
1 86.904269 -86.904269
1 90.420801 -90.420801
1 78.464207 -78.464207
1 85.575880 -85.575880
1 75.686516 -75.686516
1 83.033168 -83.033168
1 74.688504 -74.688504
1 61.564317 -61.564317
1 61.667033 -61.667033
1 66.093679 -66.093679
1 91.517343 -91.517343
1 79.889577 -79.889577
1 83.443908 -83.443908
1 75.044655 -75.044655
1 80.666217 -80.666217
1 72.501944 -72.501944
1 79.597744 -79.597744
1 51.457180 -51.457180
1 73.096654 -73.096654
1 83.315975 -83.315975
1 89.550986 -89.550986
1 78.471054 -78.471054
1 86.773296 -86.773296
1 75.897669 -75.897669
1 85.735794 -85.735794
1 106.195861 -106.195861
1 83.760204 -83.760204
1 101.350940 -101.350940
1 80.982513 -80.982513
1 98.808228 -98.808228
1 79.984501 -79.984501
1 72.314945 -72.314945
1 75.068880 -75.068880
1 70.244655 -70.244655
1 73.448450 -73.448450
1 62.021883 -62.021883
1 62.272771 -62.272771
1 50.316348 -50.316348
1 49.791551 -49.791551
1 50.459420 -50.459420
1 50.809799 -50.809799
1 64.466141 -64.466141
1 66.003710 -66.003710
1 67.500908 -67.500908
1 67.646593 -67.646593
1 70.619531 -70.619531
1 66.071397 -66.071397
1 64.351728 -64.351728
1 61.261373 -61.261373
1 60.539983 -60.539983
1 50.858108 -50.858108
1 51.733285 -51.733285
1 63.152068 -63.152068
1 64.689637 -64.689637
1 66.186835 -66.186835
1 68.045281 -68.045281
1 71.543016 -71.543016
1 65.691656 -65.691656
1 64.496785 -64.496785
1 60.881633 -60.881633
1 60.685040 -60.685040
1 59.506857 -59.506857
1 61.044426 -61.044426
1 62.541624 -62.541624
1 64.379863 -64.379863
1 66.284707 -66.284707
1 60.027891 -60.027891
1 58.266745 -58.266745
1 59.288565 -59.288565
1 57.725285 -57.725285
1 81.637445 -81.637445
1 69.562470 -69.562470
1 69.021010 -69.021010
1 83.175014 -83.175014
1 71.100040 -71.100040
1 70.558580 -70.558580
1 84.672212 -84.672212
1 72.597238 -72.597238
1 72.055778 -72.055778
1 71.996387 -71.996387
1 66.400073 -66.400073
1 78.592723 -78.592723
1 75.980675 -75.980675
1 70.543952 -70.543952
1 73.515502 -73.515502
1 58.369590 -58.369590
1 59.366548 -59.366548
1 38.185533 -38.185533
1 47.984461 -47.984461
1 30.192792 -30.192792
1 65.228332 -65.228332
1 71.315282 -71.315282
1 62.886232 -62.886232
1 72.129329 -72.129329
1 36.302105 -36.302105
1 65.997092 -65.997092
1 69.532251 -69.532251
1 57.995564 -57.995564
1 58.108551 -58.108551
1 32.336520 -32.336520
1 39.223323 -39.223323
1 38.914313 -38.914313
1 68.898937 -68.898937
1 68.245961 -68.245961
1 66.343669 -66.343669
1 61.575307 -61.575307
1 22.065359 -22.065359
1 59.505420 -59.505420
1 40.832913 -40.832913
1 34.621136 -34.621136
1 73.804253 -73.804253
1 70.163097 -70.163097
1 39.509373 -39.509373
1 75.658247 -75.658247
1 54.164361 -54.164361
1 49.530884 -49.530884
1 36.844925 -36.844925
1 71.737057 -71.737057
1 56.098140 -56.098140
1 51.850092 -51.850092
1 8.984294 -8.984294
1 5.854636 -5.854636
1 45.856097 -45.856097
1 49.496099 -49.496099
1 53.560194 -53.560194
1 54.578059 -54.578059
1 61.224427 -61.224427
1 65.659157 -65.659157
1 60.704741 -60.704741
1 59.734309 -59.734309
1 74.389380 -74.389380
1 70.529723 -70.529723
1 66.161123 -66.161123
1 64.588304 -64.588304
1 78.604802 -78.604802
1 79.346029 -79.346029
1 93.559344 -93.559344
1 99.647214 -99.647214
1 106.465053 -106.465053
1 130.462677 -130.462677
1 73.480025 -73.480025
1 77.362467 -77.362467
1 88.183807 -88.183807
1 93.168549 -93.168549
1 109.953500 -109.953500
1 117.456650 -117.456650
1 112.849543 -112.849543
1 140.217155 -140.217155
1 87.267538 -87.267538
1 91.688554 -91.688554
1 108.006112 -108.006112
1 113.346367 -113.346367
1 112.946747 -112.946747
1 139.614052 -139.614052
1 82.695435 -82.695435
1 88.775527 -88.775527
1 87.341578 -87.341578
1 116.309828 -116.309828
1 65.039896 -65.039896
1 77.908092 -77.908092
1 65.531123 -65.531123
1 65.006325 -65.006325
1 68.199598 -68.199598
1 74.367721 -74.367721
1 69.123084 -69.123084
1 74.766409 -74.766409
1 97.003811 -97.003811
1 103.799354 -103.799354
1 90.437324 -90.437324
1 103.992320 -103.992320
1 68.598287 -68.598287
1 75.291207 -75.291207
1 68.743343 -68.743343
1 74.911466 -74.911466
1 97.402499 -97.402499
1 104.722839 -104.722839
1 90.057583 -90.057583
1 104.137377 -104.137377
1 65.517091 -65.517091
1 64.992294 -64.992294
1 99.702465 -99.702465
1 101.086669 -101.086669
1 93.135978 -93.135978
1 101.279635 -101.279635
1 100.101153 -100.101153
1 102.010154 -102.010154
1 92.756237 -92.756237
1 101.424692 -101.424692
1 57.050065 -57.050065
1 65.380868 -65.380868
1 59.049046 -59.049046
1 12.114020 -12.114020
1 61.744770 -61.744770
1 17.675465 -17.675465
1 51.844048 -51.844048
2 -2.233334 2.233334
1 88.472527 -88.472527
1 37.784878 -37.784878
1 89.616392 -89.616392
1 42.568837 -42.568837
1 51.850557 -51.850557
1 16.885103 -16.885103
1 64.454004 -64.454004
1 63.098710 -63.098710
1 71.567952 -71.567952
1 44.647330 -44.647330
1 44.898218 -44.898218
1 70.212658 -70.212658
1 64.435712 -64.435712
1 73.780489 -73.780489
1 74.176557 -74.176557
1 78.403190 -78.403190
1 78.799258 -78.799258
1 75.326313 -75.326313
1 75.722381 -75.722381
1 58.896709 -58.896709
1 63.806729 -63.806729
1 53.524212 -53.524212
1 53.775100 -53.775100
