1 59.645953 -59.645953
1 102.589808 -102.589808
1 57.505742 -57.505742
1 71.516012 -71.516012
1 91.751073 -91.751073
1 63.026795 -63.026795
1 55.811023 -55.811023
1 54.064259 -54.064259
1 43.783871 -43.783871
1 47.598654 -47.598654
1 61.702324 -61.702324
1 47.970995 -47.970995
1 47.289665 -47.289665
1 37.373360 -37.373360
1 55.772151 -55.772151
1 60.951680 -60.951680
1 68.888238 -68.888238
1 48.165706 -48.165706
1 73.738220 -73.738220
1 43.512538 -43.512538
1 54.895604 -54.895604
1 37.485695 -37.485695
1 90.880676 -90.880676
1 91.086487 -91.086487
1 94.171020 -94.171020
1 85.646267 -85.646267
1 77.977757 -77.977757
1 98.590284 -98.590284
1 99.780605 -99.780605
1 85.983343 -85.983343
1 106.924798 -106.924798
1 98.665200 -98.665200
1 90.731536 -90.731536
1 111.609218 -111.609218
1 104.757618 -104.757618
1 89.307888 -89.307888
1 71.293916 -71.293916
1 100.431197 -100.431197
1 94.955416 -94.955416
1 86.272274 -86.272274
1 107.899434 -107.899434
1 70.079011 -70.079011
1 56.434515 -56.434515
1 40.387061 -40.387061
1 45.610423 -45.610423
1 46.716290 -46.716290
1 41.651926 -41.651926
1 42.757793 -42.757793
1 37.835302 -37.835302
1 40.751304 -40.751304
1 86.021231 -86.021231
1 48.787965 -48.787965
1 97.651872 -97.651872
1 96.900978 -96.900978
1 96.900978 -96.900978
1 95.770598 -95.770598
1 107.586021 -107.586021
1 98.268580 -98.268580
1 98.268580 -98.268580
1 98.268580 -98.268580
1 100.912786 -100.912786
1 100.161891 -100.161891
1 100.161891 -100.161891
1 99.031512 -99.031512
1 110.846935 -110.846935
1 101.529494 -101.529494
1 101.529494 -101.529494
1 101.529494 -101.529494
1 106.427256 -106.427256
1 105.676362 -105.676362
1 105.676362 -105.676362
1 104.545982 -104.545982
1 116.361405 -116.361405
1 107.043964 -107.043964
1 107.043964 -107.043964
1 107.043964 -107.043964
1 77.300119 -77.300119
1 78.396415 -78.396415
1 77.300119 -77.300119
1 78.396415 -78.396415
1 107.339882 -107.339882
1 61.271214 -61.271214
1 99.275656 -99.275656
1 70.623279 -70.623279
1 103.696473 -103.696473
1 65.203876 -65.203876
1 103.696473 -103.696473
1 65.203876 -65.203876
1 103.859939 -103.859939
1 65.126225 -65.126225
1 75.666942 -75.666942
1 75.666942 -75.666942
1 106.831767 -106.831767
1 57.631915 -57.631915
1 98.767542 -98.767542
1 66.983981 -66.983981
1 103.142900 -103.142900
1 61.564577 -61.564577
1 103.142900 -103.142900
1 61.564577 -61.564577
1 103.306367 -103.306367
1 61.486927 -61.486927
1 106.831767 -106.831767
1 57.631915 -57.631915
1 98.767542 -98.767542
1 66.983981 -66.983981
1 103.142900 -103.142900
1 61.564577 -61.564577
1 103.142900 -103.142900
1 61.564577 -61.564577
1 103.306367 -103.306367
1 61.486927 -61.486927
1 90.839003 -90.839003
1 105.403700 -105.403700
1 86.917008 -86.917008
1 93.486938 -93.486938
1 86.917008 -86.917008
1 93.486938 -93.486938
1 87.094623 -87.094623
1 93.423436 -93.423436
1 99.465424 -99.465424
1 89.475666 -89.475666
1 99.465424 -99.465424
1 89.475666 -89.475666
1 99.508633 -99.508633
1 88.039137 -88.039137
1 78.908449 -78.908449
1 78.908449 -78.908449
1 79.086065 -79.086065
1 78.844948 -78.844948
1 79.086065 -79.086065
1 78.844948 -78.844948
1 93.197957 -93.197957
1 105.492623 -105.492623
1 91.238866 -91.238866
1 87.541607 -87.541607
1 86.882279 -86.882279
1 91.915393 -91.915393
1 101.993662 -101.993662
1 131.636390 -131.636390
1 103.759216 -103.759216
1 134.297674 -134.297674
1 100.070606 -100.070606
1 112.649905 -112.649905
1 100.311063 -100.311063
1 121.687865 -121.687865
1 101.933268 -101.933268
1 88.058177 -88.058177
1 97.576681 -97.576681
1 92.431963 -92.431963
1 112.688064 -112.688064
1 132.152960 -132.152960
1 114.453618 -114.453618
1 134.814244 -134.814244
1 110.765008 -110.765008
1 113.166476 -113.166476
1 111.005465 -111.005465
1 122.204436 -122.204436
1 85.533560 -85.533560
1 88.501399 -88.501399
1 94.080820 -94.080820
1 116.106228 -116.106228
1 92.716218 -92.716218
1 115.637357 -115.637357
1 88.944485 -88.944485
1 96.189682 -96.189682
1 84.066061 -84.066061
1 102.961876 -102.961876
1 93.890036 -93.890036
1 112.430145 -112.430145
1 92.525435 -92.525435
1 111.961273 -111.961273
1 90.911435 -90.911435
1 92.558866 -92.558866
1 84.858453 -84.858453
1 99.256489 -99.256489
1 107.511342 -107.511342
1 108.407073 -108.407073
1 112.882116 -112.882116
1 98.943051 -98.943051
1 110.145703 -110.145703
1 108.679255 -108.679255
1 115.543400 -115.543400
1 100.708605 -100.708605
1 109.676832 -109.676832
1 107.314654 -107.314654
1 87.997521 -87.997521
1 104.899366 -104.899366
1 40.903529 -40.903529
1 41.549866 -41.549866
1 68.479288 -68.479288
1 69.125625 -69.125625
1 52.949730 -52.949730
1 69.535458 -69.535458
1 71.522915 -71.522915
1 56.852589 -56.852589
1 59.699015 -59.699015
1 81.663357 -81.663357
1 91.718235 -91.718235
1 90.772021 -90.772021
1 112.375239 -112.375239
1 112.491946 -112.491946
1 54.320068 -54.320068
1 70.590290 -70.590290
1 72.452086 -72.452086
1 58.390024 -58.390024
1 60.018751 -60.018751
1 81.983093 -81.983093
1 92.599996 -92.599996
1 91.091757 -91.091757
1 114.542259 -114.542259
1 114.185021 -114.185021
1 55.616164 -55.616164
1 84.528243 -84.528243
1 59.686120 -59.686120
1 64.231418 -64.231418
1 86.905769 -86.905769
1 96.960647 -96.960647
1 96.409144 -96.409144
1 117.269798 -117.269798
1 111.494979 -111.494979
1 90.293558 -90.293558
1 76.514135 -76.514135
1 63.606903 -63.606903
1 76.274057 -76.274057
1 74.120542 -74.120542
1 12.777073 -12.777073
1 12.400280 -12.400280
1 75.623380 -75.623380
1 80.297287 -80.297287
1 52.876526 -52.876526
1 100.704930 -100.704930
1 97.211582 -97.211582
1 96.057237 -96.057237
1 97.043624 -97.043624
1 53.815991 -53.815991
1 19.662123 -19.662123
1 65.625448 -65.625448
1 98.415592 -98.415592
1 39.315843 -39.315843
1 86.272886 -86.272886
1 77.406596 -77.406596
1 81.625193 -81.625193
1 78.245355 -78.245355
1 59.140898 -59.140898
1 22.429957 -22.429957
1 70.950355 -70.950355
1 101.183426 -101.183426
1 24.917565 -24.917565
1 25.756323 -25.756323
1 30.872714 -30.872714
1 84.981810 -84.981810
1 70.043476 -70.043476
1 71.139773 -71.139773
1 99.377145 -99.377145
1 79.029544 -79.029544
1 94.826089 -94.826089
1 133.647670 -133.647670
1 99.209187 -99.209187
1 74.381852 -74.381852
1 94.658131 -94.658131
1 128.999978 -128.999978
1 53.462288 -53.462288
1 114.661952 -114.661952
1 28.542848 -28.542848
1 53.322626 -53.322626
1 78.782329 -78.782329
1 84.709619 -84.709619
1 76.362399 -76.362399
1 72.510166 -72.510166
1 70.020547 -70.020547
1 96.818727 -96.818727
1 69.053170 -69.053170
1 51.629639 -51.629639
1 84.516914 -84.516914
1 57.137173 -57.137173
1 80.164034 -80.164034
1 82.198436 -82.198436
1 102.586569 -102.586569
1 87.808937 -87.808937
1 96.456977 -96.456977
1 107.901314 -107.901314
1 56.501204 -56.501204
1 85.746349 -85.746349
1 44.107195 -44.107195
1 54.048430 -54.048430
1 55.686393 -55.686393
1 56.421143 -56.421143
1 65.932515 -65.932515
1 74.364513 -74.364513
1 51.360925 -51.360925
1 61.397648 -61.397648
1 51.360925 -51.360925
1 61.397648 -61.397648
1 51.054204 -51.054204
1 91.169984 -91.169984
1 55.056961 -55.056961
1 60.637376 -60.637376
1 55.112389 -55.112389
1 58.080227 -58.080227
1 55.112389 -55.112389
1 58.080227 -58.080227
1 47.400955 -47.400955
1 71.643877 -71.643877
1 56.311908 -56.311908
1 60.033465 -60.033465
1 56.311908 -56.311908
1 60.033465 -60.033465
1 56.005187 -56.005187
1 89.805801 -89.805801
1 55.413043 -55.413043
1 55.413043 -55.413043
1 48.105812 -48.105812
1 68.087632 -68.087632
1 48.105812 -48.105812
1 68.087632 -68.087632
1 76.477241 -76.477241
1 103.403435 -103.403435
1 77.710496 -77.710496
1 94.902452 -94.902452
1 78.568633 -78.568633
1 96.001174 -96.001174
1 73.770691 -73.770691
1 114.980486 -114.980486
1 94.259335 -94.259335
1 122.493541 -122.493541
1 93.166378 -93.166378
1 83.406087 -83.406087
1 93.733368 -93.733368
1 84.216506 -84.216506
1 96.044518 -96.044518
1 112.444952 -112.444952
1 116.533161 -116.533161
1 119.958007 -119.958007
1 73.150355 -73.150355
1 73.796692 -73.796692
1 109.665423 -109.665423
1 130.584323 -130.584323
1 118.293758 -118.293758
1 125.769730 -125.769730
1 110.466651 -110.466651
1 130.406620 -130.406620
1 119.094986 -119.094986
1 125.592027 -125.592027
1 95.628280 -95.628280
1 75.056488 -75.056488
1 119.527094 -119.527094
1 126.804409 -126.804409
1 112.508243 -112.508243
1 107.546445 -107.546445
1 114.131556 -114.131556
1 105.281574 -105.281574
1 110.878085 -110.878085
1 99.043831 -99.043831
1 112.501398 -112.501398
1 96.778960 -96.778960
1 89.368607 -89.368607
1 87.597255 -87.597255
1 73.416288 -73.416288
1 74.512585 -74.512585
1 87.905747 -87.905747
1 65.935374 -65.935374
1 85.901642 -85.901642
1 62.296076 -62.296076
1 76.128718 -76.128718
1 92.094259 -92.094259
1 62.551536 -62.551536
1 70.649795 -70.649795
1 70.987447 -70.987447
1 109.939139 -109.939139
1 75.411761 -75.411761
1 69.661312 -69.661312
1 83.847671 -83.847671
1 108.950657 -108.950657
1 65.479906 -65.479906
1 96.929055 -96.929055
1 91.759664 -91.759664
1 98.868398 -98.868398
1 89.247646 -89.247646
1 75.150756 -75.150756
1 93.687476 -93.687476
1 72.915528 -72.915528
1 113.043433 -113.043433
1 90.848376 -90.848376
1 117.483263 -117.483263
1 88.613149 -88.613149
1 108.042292 -108.042292
1 103.484068 -103.484068
1 72.121156 -72.121156
1 72.767494 -72.767494
1 79.978652 -79.978652
1 87.082948 -87.082948
1 80.847475 -80.847475
1 87.968667 -87.968667
1 64.936294 -64.936294
1 65.582631 -65.582631
1 72.410723 -72.410723
1 78.406562 -78.406562
1 73.279546 -73.279546
1 79.292281 -79.292281
1 91.971689 -91.971689
1 86.432898 -86.432898
1 87.890818 -87.890818
1 26.262886 -26.262886
1 18.644820 -18.644820
1 20.102740 -20.102740
1 83.941390 -83.941390
1 81.335860 -81.335860
1 81.273277 -81.273277
1 82.793781 -82.793781
1 58.696788 -58.696788
1 62.822822 -62.822822
1 100.263708 -100.263708
1 93.562058 -93.562058
1 91.593062 -91.593062
1 101.662964 -101.662964
1 96.488453 -96.488453
1 87.358048 -87.358048
1 94.519458 -94.519458
1 62.739411 -62.739411
1 75.075332 -75.075332
1 61.553419 -61.553419
1 65.361294 -65.361294
1 56.179424 -56.179424
1 48.460970 -48.460970
1 76.879149 -76.879149
1 83.473573 -83.473573
1 81.011597 -81.011597
1 79.213792 -79.213792
1 109.646196 -109.646196
1 64.798391 -64.798391
1 57.903427 -57.903427
1 94.499792 -94.499792
1 71.932668 -71.932668
1 54.638458 -54.638458
1 55.344241 -55.344241
1 56.239971 -56.239971
1 55.387450 -55.387450
1 54.803442 -54.803442
1 88.696406 -88.696406
1 81.351858 -81.351858
1 54.646830 -54.646830
1 54.884736 -54.884736
1 55.052985 -55.052985
1 54.811868 -54.811868
1 87.010956 -87.010956
1 79.666407 -79.666407
1 87.010956 -87.010956
1 79.666407 -79.666407
1 77.026101 -77.026101
1 110.803808 -110.803808
1 96.121425 -96.121425
1 108.195162 -108.195162
1 81.273773 -81.273773
1 106.705339 -106.705339
1 82.300136 -82.300136
1 105.257369 -105.257369
1 63.543521 -63.543521
1 76.630504 -76.630504
1 101.030521 -101.030521
1 78.418765 -78.418765
1 93.252745 -93.252745
1 86.242851 -86.242851
1 100.663308 -100.663308
1 91.001758 -91.001758
1 95.124605 -95.124605
1 71.538600 -71.538600
1 83.284993 -83.284993
1 97.125019 -97.125019
1 88.712195 -88.712195
1 100.066658 -100.066658
1 69.955581 -69.955581
1 71.439792 -71.439792
1 92.175231 -92.175231
1 90.848591 -90.848591
1 86.636528 -86.636528
1 71.385432 -71.385432
1 84.533636 -84.533636
1 75.682573 -75.682573
1 58.165378 -58.165378
1 106.088548 -106.088548
1 107.773999 -107.773999
1 106.088548 -106.088548
1 106.088548 -106.088548
1 122.174238 -122.174238
1 76.623000 -76.623000
1 77.207008 -77.207008
1 76.631426 -76.631426
1 76.872543 -76.872543
1 76.794893 -76.794893
1 76.794893 -76.794893
1 54.163642 -54.163642
1 84.318386 -84.318386
1 77.163799 -77.163799
1 78.059529 -78.059529
1 77.207008 -77.207008
1 76.623000 -76.623000
1 54.575757 -54.575757
1 84.146493 -84.146493
1 76.872543 -76.872543
1 76.631426 -76.631426
1 54.241292 -54.241292
1 84.154919 -84.154919
1 54.163642 -54.163642
1 84.318386 -84.318386
1 71.572945 -71.572945
1 70.497428 -70.497428
1 60.277655 -60.277655
1 79.494433 -79.494433
1 78.910425 -78.910425
1 59.090669 -59.090669
1 69.965055 -69.965055
1 48.291005 -48.291005
1 49.186735 -49.186735
1 48.334214 -48.334214
1 47.750206 -47.750206
1 47.999749 -47.999749
1 47.758632 -47.758632
1 56.046055 -56.046055
1 89.196898 -89.196898
1 66.732531 -66.732531
1 90.856500 -90.856500
1 115.562925 -115.562925
1 80.725113 -80.725113
1 69.486543 -69.486543
1 82.295127 -82.295127
1 76.192542 -76.192542
1 55.757726 -55.757726
1 48.125016 -48.125016
1 89.606570 -89.606570
1 57.089128 -57.089128
1 92.365211 -92.365211
1 44.605265 -44.605265
1 91.437922 -91.437922
1 54.367383 -54.367383
1 100.058755 -100.058755
1 69.398774 -69.398774
1 72.404862 -72.404862
1 55.164957 -55.164957
1 70.314792 -70.314792
1 66.664294 -66.664294
1 89.254670 -89.254670
1 87.554995 -87.554995
1 63.365982 -63.365982
1 79.183557 -79.183557
1 74.710447 -74.710447
1 97.210663 -97.210663
1 73.255822 -73.255822
1 69.563989 -69.563989
1 42.254946 -42.254946
1 69.078907 -69.078907
1 65.245291 -65.245291
1 94.228617 -94.228617
1 75.308893 -75.308893
1 78.767256 -78.767256
1 81.857821 -81.857821
1 64.075633 -64.075633
1 81.185971 -81.185971
1 78.099030 -78.099030
1 58.815903 -58.815903
1 99.011606 -99.011606
1 69.297498 -69.297498
1 99.308187 -99.308187
1 64.827458 -64.827458
1 102.936323 -102.936323
1 64.827458 -64.827458
1 102.936323 -102.936323
1 64.827458 -64.827458
1 102.936323 -102.936323
1 64.827458 -64.827458
1 102.936323 -102.936323
1 83.939565 -83.939565
1 98.854995 -98.854995
1 97.715046 -97.715046
1 101.343183 -101.343183
1 101.343183 -101.343183
1 101.343183 -101.343183
1 101.343183 -101.343183
1 68.982979 -68.982979
1 85.732087 -85.732087
1 107.314247 -107.314247
1 84.462978 -84.462978
1 95.676478 -95.676478
1 79.992938 -79.992938
1 99.386560 -99.386560
1 79.992938 -79.992938
1 99.386560 -99.386560
1 79.992938 -79.992938
1 99.386560 -99.386560
1 79.992938 -79.992938
1 99.386560 -99.386560
1 111.029035 -111.029035
1 105.254706 -105.254706
1 108.964787 -108.964787
1 108.964787 -108.964787
1 108.964787 -108.964787
1 108.964787 -108.964787
1 84.211941 -84.211941
1 72.980731 -72.980731
1 79.741901 -79.741901
1 76.608867 -76.608867
1 79.741901 -79.741901
1 76.608867 -76.608867
1 79.741901 -79.741901
1 76.608867 -76.608867
1 79.741901 -79.741901
1 76.608867 -76.608867
1 54.693678 -54.693678
1 57.661516 -57.661516
1 54.693678 -54.693678
1 57.661516 -57.661516
1 54.693678 -54.693678
1 57.661516 -57.661516
1 54.693678 -54.693678
1 57.661516 -57.661516
1 54.994332 -54.994332
1 54.994332 -54.994332
1 54.994332 -54.994332
1 54.994332 -54.994332
1 54.994332 -54.994332
1 54.994332 -54.994332
1 54.994332 -54.994332
1 54.994332 -54.994332
1 54.994332 -54.994332
1 54.994332 -54.994332
1 54.994332 -54.994332
1 54.994332 -54.994332
1 51.317860 -51.317860
1 54.285699 -54.285699
1 55.098570 -55.098570
1 60.992584 -60.992584
1 42.513933 -42.513933
1 48.156201 -48.156201
1 46.319306 -46.319306
1 80.422591 -80.422591
1 70.288157 -70.288157
1 56.320656 -56.320656
1 69.735716 -69.735716
1 38.193877 -38.193877
1 42.341370 -42.341370
1 49.963597 -49.963597
1 47.295366 -47.295366
1 66.795028 -66.795028
1 59.024043 -59.024043
1 54.661150 -54.661150
1 68.907547 -68.907547
1 35.385749 -35.385749
1 46.378074 -46.378074
1 51.533591 -51.533591
1 44.598463 -44.598463
1 20.226405 -20.226405
1 53.368822 -53.368822
1 16.424524 -16.424524
1 44.621310 -44.621310
1 47.589148 -47.589148
1 47.750125 -47.750125
1 62.770003 -62.770003
1 71.614734 -71.614734
1 58.532668 -58.532668
1 99.049180 -99.049180
1 108.241937 -108.241937
1 87.661030 -87.661030
1 106.257588 -106.257588
1 98.663984 -98.663984
1 114.676133 -114.676133
1 79.824096 -79.824096
1 113.451564 -113.451564
1 91.915576 -91.915576
1 116.649184 -116.649184
1 120.046702 -120.046702
1 91.845715 -91.845715
1 103.366349 -103.366349
1 102.848670 -102.848670
1 111.784895 -111.784895
1 84.008782 -84.008782
1 110.560325 -110.560325
1 96.100261 -96.100261
1 113.757945 -113.757945
1 124.231387 -124.231387
1 102.566679 -102.566679
1 91.610662 -91.610662
1 96.494137 -96.494137
1 113.641878 -113.641878
1 102.961269 -102.961269
1 102.479441 -102.479441
1 137.325819 -137.325819
1 81.409665 -81.409665
1 109.419075 -109.419075
1 98.865890 -98.865890
1 111.299802 -111.299802
1 138.928556 -138.928556
1 103.012246 -103.012246
1 85.746780 -85.746780
1 144.519794 -144.519794
1 140.901606 -140.901606
1 80.698573 -80.698573
1 81.741445 -81.741445
1 89.052706 -89.052706
1 90.095578 -90.095578
1 64.864788 -64.864788
1 24.849193 -24.849193
1 46.676368 -46.676368
1 35.360688 -35.360688
1 44.077909 -44.077909
1 64.036155 -64.036155
1 26.918554 -26.918554
1 40.094079 -40.094079
1 1.815833 -1.815833
2 -2.320611 2.320611
1 64.520102 -64.520102
1 62.794657 -62.794657
1 60.834354 -60.834354
1 27.973149 -27.973149
2 -2.707726 2.707726
1 74.176567 -74.176567
1 23.833351 -23.833351
1 86.339584 -86.339584
1 25.933572 -25.933572
1 78.456699 -78.456699
1 46.918491 -46.918491
1 101.341986 -101.341986
1 81.467802 -81.467802
1 47.127682 -47.127682
1 97.072158 -97.072158
1 92.398694 -92.398694
1 75.685920 -75.685920
1 112.005895 -112.005895
1 101.028059 -101.028059
1 99.284308 -99.284308
1 120.736276 -120.736276
1 42.216623 -42.216623
1 136.340633 -136.340633
1 87.487635 -87.487635
1 114.954394 -114.954394
1 107.094836 -107.094836
1 135.273355 -135.273355
1 53.577507 -53.577507
1 150.744829 -150.744829
1 98.715636 -98.715636
1 129.491473 -129.491473
1 118.423897 -118.423897
1 57.150108 -57.150108
1 88.469685 -88.469685
1 34.233810 -34.233810
1 118.239022 -118.239022
1 64.448478 -64.448478
1 113.289751 -113.289751
1 67.783853 -67.783853
1 77.538244 -77.538244
1 36.832066 -36.832066
1 79.302645 -79.302645
1 89.330038 -89.330038
1 75.586774 -75.586774
1 101.089124 -101.089124
1 56.071392 -56.071392
1 71.813541 -71.813541
1 95.314656 -95.314656
1 110.617149 -110.617149
1 93.549102 -93.549102
1 107.955865 -107.955865
1 85.653477 -85.653477
1 123.423058 -123.423058
1 72.507151 -72.507151
1 99.076165 -99.076165
1 93.785552 -93.785552
1 123.861623 -123.861623
1 91.147308 -91.147308
1 91.701743 -91.701743
1 98.516292 -98.516292
1 85.628960 -85.628960
1 100.566159 -100.566159
1 132.041573 -132.041573
1 124.160542 -124.160542
1 154.941617 -154.941617
1 149.839355 -149.839355
1 153.176063 -153.176063
1 147.178071 -147.178071
1 146.029500 -146.029500
1 163.813623 -163.813623
1 139.837704 -139.837704
1 145.173825 -145.173825
1 154.161575 -154.161575
1 164.252187 -164.252187
1 89.126941 -89.126941
1 100.314459 -100.314459
1 89.848813 -89.848813
1 123.719700 -123.719700
1 123.711328 -123.711328
1 141.719075 -141.719075
1 120.159386 -120.159386
1 142.157640 -142.157640
1 95.288865 -95.288865
1 102.395086 -102.395086
1 125.416789 -125.416789
1 118.833997 -118.833997
1 154.667345 -154.667345
1 148.077312 -148.077312
1 154.658919 -154.658919
1 148.411777 -148.411777
1 148.146801 -148.146801
1 166.997191 -166.997191
1 142.349715 -142.349715
1 148.991655 -148.991655
1 156.278876 -156.278876
1 167.435756 -167.435756
1 140.397152 -140.397152
1 120.708907 -120.708907
1 168.293540 -168.293540
1 149.304945 -149.304945
1 168.285114 -168.285114
1 149.639410 -149.639410
1 161.772996 -161.772996
1 168.224824 -168.224824
1 155.581199 -155.581199
1 149.585026 -149.585026
1 170.198660 -170.198660
1 168.956978 -168.956978
1 100.477156 -100.477156
1 88.102654 -88.102654
1 101.841758 -101.841758
1 88.571525 -88.571525
1 83.321899 -83.321899
1 117.419942 -117.419942
1 79.782829 -79.782829
1 95.242781 -95.242781
1 91.453974 -91.453974
1 117.858506 -117.858506
1 83.452420 -83.452420
1 82.556690 -82.556690
1 115.848854 -115.848854
1 147.433167 -147.433167
1 112.202224 -112.202224
1 127.648225 -127.648225
1 123.688474 -123.688474
1 147.579276 -147.579276
1 113.187570 -113.187570
1 145.667613 -145.667613
1 109.540940 -109.540940
1 125.882671 -125.882671
1 121.027190 -121.027190
1 145.813722 -145.813722
1 100.734664 -100.734664
1 90.856296 -90.856296
1 100.772201 -100.772201
1 96.687446 -96.687446
1 100.059083 -100.059083
1 103.995555 -103.995555
1 43.186779 -43.186779
1 69.825567 -69.825567
1 44.582588 -44.582588
1 49.422597 -49.422597
1 19.052619 -19.052619
1 46.678583 -46.678583
1 51.968848 -51.968848
1 54.078505 -54.078505
1 49.414797 -49.414797
1 50.061134 -50.061134
1 53.661263 -53.661263
1 42.537999 -42.537999
1 49.089600 -49.089600
1 17.008030 -17.008030
1 44.633994 -44.633994
1 51.635851 -51.635851
1 54.273637 -54.273637
1 49.609928 -49.609928
1 50.256265 -50.256265
1 53.856395 -53.856395
1 62.973986 -62.973986
1 68.064419 -68.064419
1 94.059958 -94.059958
1 92.972494 -92.972494
1 86.210710 -86.210710
1 83.096042 -83.096042
1 85.127905 -85.127905
1 86.194752 -86.194752
1 113.483812 -113.483812
1 90.472389 -90.472389
1 114.543583 -114.543583
1 115.292575 -115.292575
1 91.697144 -91.697144
1 105.939843 -105.939843
1 102.676885 -102.676885
1 104.857038 -104.857038
1 105.775596 -105.775596
1 101.180318 -101.180318
1 89.789675 -89.789675
1 101.261612 -101.261612
1 101.352211 -101.352211
1 89.377560 -89.377560
1 111.513121 -111.513121
1 117.811470 -117.811470
1 121.583345 -121.583345
1 106.047204 -106.047204
1 122.643117 -122.643117
1 123.392108 -123.392108
1 107.271959 -107.271959
1 124.682056 -124.682056
1 104.964399 -104.964399
1 125.741828 -125.741828
1 126.490819 -126.490819
1 106.189154 -106.189154
1 76.668938 -76.668938
1 77.417930 -77.417930
1 76.833922 -76.833922
1 76.915216 -76.915216
1 71.189864 -71.189864
1 77.283242 -77.283242
1 31.078952 -31.078952
1 71.287777 -71.287777
1 79.829493 -79.829493
1 50.147123 -50.147123
1 99.841690 -99.841690
1 46.794816 -46.794816
1 53.892138 -53.892138
1 102.867179 -102.867179
1 48.933708 -48.933708
1 50.377151 -50.377151
1 51.023489 -51.023489
1 82.704212 -82.704212
1 123.847389 -123.847389
1 83.106572 -83.106572
1 88.256583 -88.256583
1 125.911534 -125.911534
1 48.516466 -48.516466
1 89.199008 -89.199008
1 92.224497 -92.224497
1 85.250463 -85.250463
1 123.945302 -123.945302
1 83.656568 -83.656568
1 89.804706 -89.804706
1 126.490120 -126.490120
1 52.588821 -52.588821
1 72.429215 -72.429215
1 73.075552 -73.075552
1 56.628903 -56.628903
1 79.815795 -79.815795
1 80.935440 -80.935440
1 57.282990 -57.282990
1 43.948975 -43.948975
1 33.916259 -33.916259
1 42.421793 -42.421793
1 70.107864 -70.107864
1 108.966367 -108.966367
1 55.113238 -55.113238
1 62.458555 -62.458555
1 58.233071 -58.233071
1 95.542741 -95.542741
1 47.949669 -47.949669
1 51.840228 -51.840228
1 77.782913 -77.782913
1 71.785662 -71.785662
1 32.112295 -32.112295
1 45.836016 -45.836016
1 36.400559 -36.400559
1 108.480779 -108.480779
1 46.413101 -46.413101
1 77.908281 -77.908281
1 48.422973 -48.422973
1 98.806029 -98.806029
1 52.984587 -52.984587
1 64.565406 -64.565406
1 101.634084 -101.634084
1 81.801061 -81.801061
1 73.684524 -73.684524
1 92.909027 -92.909027
1 82.219629 -82.219629
1 92.841211 -92.841211
1 77.776606 -77.776606
1 107.021323 -107.021323
1 89.587083 -89.587083
1 99.933291 -99.933291
1 79.144250 -79.144250
1 75.649250 -75.649250
1 79.670167 -79.670167
1 98.636157 -98.636157
1 91.480645 -91.480645
1 91.548126 -91.548126
1 99.982192 -99.982192
1 92.785558 -92.785558
1 86.587990 -86.587990
1 67.689481 -67.689481
1 81.971791 -81.971791
1 64.193243 -64.193243
1 74.883759 -74.883759
1 76.003720 -76.003720
1 60.856479 -60.856479
1 79.203834 -79.203834
1 59.209665 -59.209665
1 106.886462 -106.886462
1 58.595916 -58.595916
1 112.200359 -112.200359
1 69.513555 -69.513555
1 112.957318 -112.957318
1 79.846463 -79.846463
1 106.389401 -106.389401
1 81.473286 -81.473286
1 99.206432 -99.206432
1 80.859537 -80.859537
1 104.520329 -104.520329
1 90.328218 -90.328218
1 103.184767 -103.184767
1 105.172745 -105.172745
1 101.368021 -101.368021
1 73.536326 -73.536326
1 81.580805 -81.580805
1 65.978077 -65.978077
1 61.168403 -61.168403
1 95.271299 -95.271299
1 74.736428 -74.736428
1 68.514028 -68.514028
1 58.026808 -58.026808
1 103.474628 -103.474628
1 70.279776 -70.279776
1 90.250281 -90.250281
1 62.964687 -62.964687
1 30.767028 -30.767028
1 42.532992 -42.532992
1 24.300286 -24.300286
1 36.066250 -36.066250
1 16.138125 -16.138125
1 66.905564 -66.905564
1 87.091055 -87.091055
1 20.291629 -20.291629
1 27.904089 -27.904089
1 32.057593 -32.057593
1 59.958797 -59.958797
1 56.554310 -56.554310
1 36.723988 -36.723988
1 81.968949 -81.968949
1 56.400113 -56.400113
1 93.963831 -93.963831
1 87.678317 -87.678317
1 81.317695 -81.317695
1 38.158529 -38.158529
1 118.646813 -118.646813
1 43.783931 -43.783931
1 106.443734 -106.443734
1 37.508902 -37.508902
1 106.062942 -106.062942
1 62.406063 -62.406063
1 127.350253 -127.350253
1 64.214827 -64.214827
1 128.575008 -128.575008
1 64.214827 -64.214827
1 128.575008 -128.575008
1 94.287451 -94.287451
1 88.895313 -88.895313
1 90.648153 -90.648153
1 86.120720 -86.120720
1 93.118930 -93.118930
1 80.206253 -80.206253
1 94.927693 -94.927693
1 81.431008 -81.431008
1 94.927693 -94.927693
1 81.431008 -81.431008
1 91.472480 -91.472480
1 92.568777 -92.568777
1 109.852127 -109.852127
1 103.400822 -103.400822
1 110.024020 -110.024020
1 102.988707 -102.988707
1 110.024020 -110.024020
1 102.988707 -102.988707
1 107.591193 -107.591193
1 99.761523 -99.761523
1 107.763086 -107.763086
1 99.349408 -99.349408
1 107.763086 -107.763086
1 99.349408 -99.349408
1 110.225303 -110.225303
1 109.641295 -109.641295
1 110.225303 -110.225303
1 109.641295 -109.641295
1 109.813188 -109.813188
1 109.813188 -109.813188
1 54.169433 -54.169433
1 72.434490 -72.434490
1 52.409325 -52.409325
1 51.825316 -51.825316
1 52.409325 -52.409325
1 51.825316 -51.825316
1 97.449563 -97.449563
1 83.339654 -83.339654
1 100.503359 -100.503359
1 111.493693 -111.493693
1 51.997209 -51.997209
1 51.997209 -51.997209
1 96.917190 -96.917190
1 82.152668 -82.152668
1 101.728114 -101.728114
1 113.302457 -113.302457
1 96.917190 -96.917190
1 82.152668 -82.152668
1 101.728114 -101.728114
1 113.302457 -113.302457
1 58.494600 -58.494600
1 70.512982 -70.512982
1 70.894431 -70.894431
1 66.912067 -66.912067
1 104.281491 -104.281491
1 84.266454 -84.266454
1 103.094505 -103.094505
1 83.734081 -83.734081
1 103.094505 -103.094505
1 83.734081 -83.734081
1 126.467218 -126.467218
1 97.096542 -97.096542
1 128.275981 -128.275981
1 98.321297 -98.321297
1 128.275981 -128.275981
1 98.321297 -98.321297
1 73.686653 -73.686653
1 73.102644 -73.102644
1 73.686653 -73.686653
1 73.102644 -73.102644
1 73.274537 -73.274537
1 73.274537 -73.274537
1 76.361006 -76.361006
1 75.776998 -75.776998
1 76.361006 -76.361006
1 75.776998 -75.776998
1 75.191696 -75.191696
1 81.055823 -81.055823
1 87.359371 -87.359371
1 106.459548 -106.459548
1 75.948891 -75.948891
1 75.948891 -75.948891
1 74.659323 -74.659323
1 79.868837 -79.868837
1 88.584126 -88.584126
1 108.268311 -108.268311
1 74.659323 -74.659323
1 79.868837 -79.868837
1 88.584126 -88.584126
1 108.268311 -108.268311
1 61.292283 -61.292283
1 68.444149 -68.444149
1 75.651556 -75.651556
1 53.662294 -53.662294
1 77.648127 -77.648127
1 119.008701 -119.008701
1 63.188516 -63.188516
1 64.566757 -64.566757
1 80.722027 -80.722027
1 58.543991 -58.543991
1 48.255482 -48.255482
1 92.872769 -92.872769
1 58.128728 -58.128728
1 83.664300 -83.664300
1 78.712818 -78.712818
1 80.098738 -80.098738
1 115.381525 -115.381525
1 77.108958 -77.108958
1 134.498452 -134.498452
1 73.055003 -73.055003
1 71.326384 -71.326384
1 50.654166 -50.654166
1 102.059619 -102.059619
1 71.052052 -71.052052
1 91.186250 -91.186250
1 116.695758 -116.695758
1 85.212997 -85.212997
1 93.335415 -93.335415
1 64.958087 -64.958087
1 110.432425 -110.432425
1 60.527825 -60.527825
1 101.506764 -101.506764
1 96.534353 -96.534353
1 94.718526 -94.718526
1 98.706844 -98.706844
1 71.391110 -71.391110
1 101.862599 -101.862599
1 65.191966 -65.191966
1 82.419820 -82.419820
1 108.654335 -108.654335
1 115.622570 -115.622570
1 84.574369 -84.574369
1 103.657438 -103.657438
1 86.063889 -86.063889
1 98.034566 -98.034566
1 85.722685 -85.722685
1 79.765987 -79.765987
1 73.464095 -73.464095
1 73.595413 -73.595413
1 121.636568 -121.636568
1 102.212358 -102.212358
1 103.158848 -103.158848
1 90.247226 -90.247226
1 104.648368 -104.648368
1 84.624354 -84.624354
1 104.173240 -104.173240
1 49.386619 -49.386619
1 92.742353 -92.742353
1 105.140571 -105.140571
1 113.122454 -113.122454
1 93.175439 -93.175439
1 114.611974 -114.611974
1 87.552567 -87.552567
1 114.208531 -114.208531
1 143.954706 -143.954706
1 92.847430 -92.847430
1 131.989574 -131.989574
1 94.336950 -94.336950
1 126.366702 -126.366702
1 93.995746 -93.995746
1 82.318104 -82.318104
1 98.499606 -98.499606
1 78.528701 -78.528701
1 96.294172 -96.294172
1 74.301876 -74.301876
1 75.398173 -75.398173
1 50.349490 -50.349490
1 49.765482 -49.765482
1 48.682735 -48.682735
1 43.683299 -43.683299
1 64.823000 -64.823000
1 67.056726 -67.056726
1 68.525817 -68.525817
1 67.409595 -67.409595
1 78.283058 -78.283058
1 63.218431 -63.218431
1 73.404473 -73.404473
1 62.133720 -62.133720
1 61.953903 -61.953903
1 49.907490 -49.907490
1 45.492062 -45.492062
1 63.137549 -63.137549
1 65.371276 -65.371276
1 66.840367 -66.840367
1 68.634350 -68.634350
1 80.091821 -80.091821
1 62.806316 -62.806316
1 73.576366 -73.576366
1 61.721604 -61.721604
1 62.125796 -62.125796
1 63.126762 -63.126762
1 65.360489 -65.360489
1 66.829579 -66.829579
1 63.350537 -63.350537
1 80.766679 -80.766679
1 56.166401 -56.166401
1 74.159423 -74.159423
1 59.529689 -59.529689
1 65.330341 -65.330341
1 101.146296 -101.146296
1 86.375845 -86.375845
1 77.546762 -77.546762
1 103.380023 -103.380023
1 88.609572 -88.609572
1 79.780489 -79.780489
1 104.849113 -104.849113
1 90.078662 -90.078662
1 81.249579 -81.249579
1 82.626752 -82.626752
1 82.604888 -82.604888
1 101.287438 -101.287438
1 90.270446 -90.270446
1 91.035454 -91.035454
1 84.518931 -84.518931
1 66.364885 -66.364885
1 70.085081 -70.085081
1 39.651182 -39.651182
1 44.461869 -44.461869
1 28.855407 -28.855407
1 85.847492 -85.847492
1 94.249727 -94.249727
1 76.442769 -76.442769
1 95.438477 -95.438477
1 37.738857 -37.738857
1 77.681484 -77.681484
1 88.342623 -88.342623
1 66.733730 -66.733730
1 67.630248 -67.630248
1 33.037045 -33.037045
1 43.105598 -43.105598
1 41.943918 -41.943918
1 93.071653 -93.071653
1 87.221756 -87.221756
1 86.332994 -86.332994
1 70.541041 -70.541041
1 17.012387 -17.012387
1 73.616702 -73.616702
1 41.503385 -41.503385
1 32.984868 -32.984868
1 94.210020 -94.210020
1 81.915086 -81.915086
1 51.190297 -51.190297
1 103.067463 -103.067463
1 66.229613 -66.229613
1 59.106784 -59.106784
1 40.760245 -40.760245
1 89.170313 -89.170313
1 65.679643 -65.679643
1 60.725729 -60.725729
2 -1.218281 1.218281
2 -11.018929 11.018929
1 50.033768 -50.033768
1 64.158484 -64.158484
1 65.892804 -65.892804
1 66.431319 -66.431319
1 78.447049 -78.447049
1 85.789558 -85.789558
1 69.957085 -69.957085
1 70.062563 -70.062563
1 92.179449 -92.179449
1 89.611382 -89.611382
1 74.662194 -74.662194
1 68.659611 -68.659611
1 101.921080 -101.921080
1 100.951159 -100.951159
1 113.200287 -113.200287
1 120.370963 -120.370963
1 129.141309 -129.141309
1 175.227604 -175.227604
1 85.279554 -85.279554
1 84.509236 -84.509236
1 122.556545 -122.556545
1 120.151967 -120.151967
1 144.656209 -144.656209
1 145.948199 -145.948199
1 144.676540 -144.676540
1 188.301339 -188.301339
1 111.993811 -111.993811
1 112.597658 -112.597658
1 132.603638 -132.603638
1 135.549249 -135.549249
1 137.065241 -137.065241
1 183.175786 -183.175786
1 98.691566 -98.691566
1 107.990358 -107.990358
1 102.128546 -102.128546
1 157.559056 -157.559056
1 69.514127 -69.514127
1 95.122751 -95.122751
1 73.327237 -73.327237
1 72.743229 -72.743229
1 67.771034 -67.771034
1 87.663219 -87.663219
1 69.579797 -69.579797
1 88.887974 -88.887974
1 118.132532 -118.132532
1 131.940460 -131.940460
1 111.600186 -111.600186
1 140.344019 -140.344019
1 68.995789 -68.995789
1 89.471983 -89.471983
1 69.167681 -69.167681
1 89.059867 -89.059867
1 119.357287 -119.357287
1 133.749223 -133.749223
1 111.188071 -111.188071
1 140.515912 -140.515912
1 69.804422 -69.804422
1 69.220413 -69.220413
1 124.979404 -124.979404
1 121.570772 -121.570772
1 118.447058 -118.447058
1 129.974331 -129.974331
1 126.204159 -126.204159
1 123.379535 -123.379535
1 118.034943 -118.034943
1 130.146223 -130.146223
1 58.325228 -58.325228
1 79.404427 -79.404427
1 68.482916 -68.482916
2 -4.249767 4.249767
1 66.860095 -66.860095
1 3.529622 -3.529622
1 65.346691 -65.346691
2 -35.881543 35.881543
1 119.207375 -119.207375
1 35.795423 -35.795423
1 116.707727 -116.707727
1 41.767435 -41.767435
1 39.578314 -39.578314
2 -19.508951 19.508951
1 66.854418 -66.854418
1 66.103524 -66.103524
1 73.475577 -73.475577
1 47.248920 -47.248920
1 48.345217 -48.345217
1 72.724683 -72.724683
1 75.432534 -75.432534
1 84.794867 -84.794867
1 83.131888 -83.131888
1 89.006435 -89.006435
1 87.343456 -87.343456
1 82.305221 -82.305221
1 80.642242 -80.642242
1 64.431563 -64.431563
1 80.768831 -80.768831
1 67.117050 -67.117050
1 68.213347 -68.213347
